11,18
11,16
11,15
11,11
11,10
11,9
11,7
11,6
11,4
8,17
8,18
8,16
8,11
8,6
4,40
6,7
6,5
7,12
7,10
17,2
17,1
17,3
15,2
15,1
15,3
16,2
16,1
16,3
13,2
14,2
4,16
4,26
4,17
4,41
4,4
4,71
4,11
4,79
4,89
4,23
4,13
4,15
4,1
4,5
4,2
4,3
6,4
6,1
6,6
6,2
6,3
7,8
7,7
7,4
7,9
7,5
7,6
7,13
7,1
7,11
7,2
7,3
5,4
5,2
5,1
5,3
24,52
24,51
24,50
24,49
24,48
24,47
24,46
24,45
24,44
24,43
24,42
24,41
24,40
24,39
24,38
21,1
21,3
24,37
24,36
24,35
3,1
3,3
10,180
10,188
10,242
10,150
10,12
10,122
10,84
11,20
11,19
11,14
11,12
9,7
9,6
9,4
8,15
